69754 1
51860 1
69759 1
51854 1
69690 1
69696 1
103854 1
69787 1
51773 1
69893 1
4835 1
51853 1
69688 1
14253 1
103846 1
69806 1
4848 1
4861 1
69778 1
69802 1
4842 1
51812 1
51717 1
90786 1
4843 1
4836 1
77227 1
14249 1
69685 1
4838 1
51771 1
51722 1
69820 1
51729 1
51848 1
4841 1
69842 1
90784 1
69882 1
51868 1
90792 1
102574 1
51816 1
51718 1
58804 1
4837 1
102581 1
9936 1
4839 1
90802 1
69801 1
51865 1
69753 1
4844 1
51739 1
14252 1
69855 1
51776 1
30158 1
4871 1
69821 1
51772 1
69888 1
4845 1
69769 1
4852 1
77228 1
51780 1
69856 1
69757 1
14254 1
51728 1
69848 1
69891 1
90799 1
69687 1
102584 1
69828 1
4847 1
51759 1
103843 1
51765 1
51727 1
83561 1
51720 1
51752 1
69879 1
69814 1
51753 1
4846 1
90795 1
51732 1
69883 1
69877 1
90797 1
51746 1
69880 1
23692 1
69847 1
90796 1
51733 1
103859 1
69794 1
51742 1
69702 1
51724 1
90798 1
69711 1
69725 1
69860 1
51813 1
51760 1
69773 1
69729 1
4862 1
51801 1
4858 1
4854 1
51725 1
51855 1
69718 1
51749 1
77230 1
69851 1
53673 1
69705 1
90790 1
51858 1
90801 1
69884 1
51795 1
51811 1
69898 1
51737 1
51787 1
103858 1
51757 1
4870 1
51736 1
69878 1
51788 1
69892 1
51770 1
69900 1
51864 1
69770 1
51748 1
51817 1
69717 1
63100 1
51851 1
69785 1
69839 1
51882 1
51730 1
69818 1
4856 1
90793 1
69874 1
51740 1
69811 1
69897 1
4849 1
51824 1
51750 1
103850 1
69744 1
69834 1
69872 1
69791 1
51818 1
51744 1
51803 1
51871 1
90789 1
90791 1
69861 1
51859 1
102576 1
51763 1
90800 1
69731 1
51743 1
51820 1
69813 1
63098 1
69809 1
51797 1
69761 1
69899 1
51869 1
69738 1
51799 1
69751 1
69724 1
4863 1
51872 1
51847 1
4851 1
51802 1
69868 1
69896 1
69881 1
35090 1
69862 1
14255 1
83562 1
102577 1
51731 1
69890 1
4855 1
69876 1
51831 1
69783 1
51723 1
90787 1
69779 1
69831 1
69721 1
51814 1
69808 1
69792 1
69843 1
77234 1
69748 1
51783 1
51873 1
103856 1
4853 1
69902 1
14260 1
51775 1
69786 1
69755 1
103849 1
69771 1
51823 1
51782 1
69752 1
69854 1
69826 1
69708 1
51735 1
51777 1
51822 1
51852 1
69829 1
77236 1
51819 1
51721 1
69780 1
69830 1
102580 1
69823 1
69768 1
69689 1
51767 1
69765 1
69781 1
63101 1
69803 1
51863 1
51786 1
103851 1
103863 1
51792 1
51800 1
69756 1
69875 1
69793 1
69844 1
69707 1
69732 1
4860 1
69743 1
69719 1
69838 1
4872 1
69810 1
69776 1
77242 1
51745 1
69735 1
63102 1
69812 1
23694 1
51741 1
69726 1
69795 1
69730 1
69816 1
51774 1
103860 1
4859 1
51880 1
69822 1
69865 1
69835 1
69741 1
77237 1
51758 1
83560 1
69858 1
51764 1
51815 1
69706 1
77231 1
69873 1
69837 1
51734 1
69832 1
69784 1
103855 1
77244 1
103847 1
51832 1
69713 1
69833 1
69691 1
69798 1
51790 1
102582 1
69788 1
77245 1
69871 1
69733 1
51870 1
51826 1
77243 1
103848 1
69867 1
83563 1
69887 1
14256 1
69722 1
103845 1
51849 1
4857 1
51769 1
69796 1
69767 1
51738 1
77235 1
51796 1
69766 1
103853 1
69894 1
102583 1
69863 1
69740 1
4850 1
69758 1
51751 1
69845 1
77239 1
69819 1
103852 1
69747 1
69846 1
51807 1
77232 1
69737 1
69807 1
69763 1
69797 1
51877 1
69777 1
103861 1
69715 1
51879 1
69692 1
51791 1
69760 1
69804 1
51857 1
51881 1
69750 1
4865 1
69703 1
51779 1
51874 1
69694 1
14258 1
51784 1
51810 1
69853 1
4868 1
69885 1
69704 1
69889 1
69866 1
69849 1
51761 1
69746 1
69857 1
69745 1
69723 1
69734 1
69886 1
69901 1
69775 1
69815 1
51856 1
69727 1
69720 1
77249 1
51850 1
103857 1
69709 1
69762 1
69800 1
51833 1
51878 1
51842 1
14259 1
51756 1
51781 1
51837 1
69782 1
14257 1
69827 1
69749 1
51825 1
77241 1
69824 1
51861 1
53676 1
51798 1
69789 1
51827 1
69712 1
51809 1
69841 1
69869 1
51762 1
102578 1
51754 1
69742 1
23695 1
51726 1
51778 1
69859 1
51875 1
69799 1
53675 1
69728 1
69870 1
69695 1
4864 1
102579 1
51843 1
77240 1
4867 1
4869 1
69825 1
69698 1
51841 1
69774 1
77248 1
51836 1
69836 1
69790 1
51789 1
51846 1
69850 1
69805 1
69697 1
69714 1
51766 1
51830 1
69895 1
69701 1
51806 1
53677 1
51862 1
69864 1
90788 1
51839 1
69764 1
51793 1
51838 1
69817 1
69716 1
77246 1
51805 1
4866 1
69693 1
51768 1
51794 1
51876 1
77238 1
51755 1
51844 1
69840 1
51747 1
69739 1
53674 1
69710 1
51804 1
51840 1
69772 1
69736 1
51845 1
51866 1
51829 1
51821 1
51785 1
51808 1
51828 1
103862 1
69852 1
51835 1
53678 1
69699 1
69700 1
51867 1
77247 1
51834 1
29322 1
25045 1
16096 1
36946 1
59587 1
16097 1
42194 1
45725 1
42208 1
45724 1
32727 1
39536 1
45692 1
45721 1
42200 1
24314 1
104135 1
45709 1
45717 1
45726 1
45693 1
39535 1
42205 1
45691 1
42220 1
62073 1
45707 1
42209 1
42121 1
45696 1
62072 1
45723 1
42198 1
45720 1
45722 1
42201 1
45702 1
45698 1
42207 1
45708 1
42206 1
42202 1
24315 1
45701 1
45715 1
42197 1
42214 1
45697 1
42210 1
62074 1
45729 1
45716 1
45718 1
45699 1
45714 1
45719 1
45704 1
24316 1
45730 1
42221 1
45700 1
24317 1
42199 1
42215 1
42204 1
42219 1
45710 1
45727 1
45706 1
42196 1
45705 1
103626 1
45703 1
42218 1
42216 1
42203 1
42212 1
42211 1
42217 1
62075 1
45728 1
42213 1
2762 1
2765 1
63096 1
2764 1
39577 1
2766 1
100933 1
90641 1
63095 1
83094 1
83093 1
90646 1
25691 1
90644 1
90645 1
39279 1
100932 1
90640 1
63094 1
90643 1
63092 1
83091 1
63093 1
83095 1
90642 1
39280 1
83092 1
83202 1
84450 1
10712 1
52519 1
20151 1
97360 1
1792 1
87262 1
87261 1
81815 1
72420 1
83200 1
86463 1
45543 1
83890 1
78161 1
96541 1
899 1
98823 1
92190 1
91611 1
78158 1
92071 1
39884 1
50689 1
30534 1
34991 1
39885 1
86460 1
91613 1
35262 1
78160 1
7454 1
38562 1
98825 1
91610 1
104215 1
86462 1
63220 1
39882 1
91614 1
91606 1
81817 1
97484 1
32007 1
3848 1
94230 1
56237 1
7455 1
70703 1
91615 1
2053 1
15732 1
15003 1
901 1
59310 1
83039 1
73935 1
85974 1
26102 1
4955 1
41984 1
91612 1
67874 1
14488 1
34389 1
303 1
4547 1
30799 1
54033 1
91609 1
98824 1
93463 1
89414 1
33277 1
4956 1
98826 1
94615 1
29281 1
1009 1
105451 1
82570 1
41986 1
34985 1
82571 1
38539 1
50499 1
101419 1
1008 1
78162 1
8483 1
73062 1
56796 1
100027 1
41017 1
13508 1
19799 1
97483 1
39886 1
22833 1
67363 1
60889 1
54034 1
29283 1
21980 1
75640 1
62418 1
304 1
24022 1
101373 1
6678 1
75641 1
72535 1
92119 1
21208 1
105156 1
31376 1
89345 1
92068 1
92122 1
48233 1
306 1
55851 1
97780 1
88292 1
29284 1
47285 1
103951 1
20149 1
7110 1
24017 1
13510 1
7112 1
34989 1
105371 1
98827 1
1363 1
71775 1
76080 1
30076 1
72557 1
53530 1
3851 1
95633 1
5524 1
80508 1
10625 1
75827 1
69491 1
15812 1
87916 1
1007 1
97776 1
100815 1
63610 1
5043 1
47283 1
34988 1
64896 1
34990 1
104094 1
14767 1
75732 1
105880 1
5526 1
34982 1
96109 1
83346 1
106098 1
55849 1
50196 1
60888 1
87441 1
13509 1
30515 1
26101 1
98712 1
38245 1
41988 1
14490 1
47455 1
50397 1
60092 1
100816 1
97774 1
99124 1
85747 1
72354 1
19794 1
22703 1
60434 1
50524 1
79476 1
47286 1
83395 1
25801 1
47284 1
84869 1
60645 1
64366 1
21984 1
55852 1
25047 1
44996 1
97777 1
69190 1
91201 1
96680 1
64526 1
89420 1
61875 1
18632 1
96546 1
104335 1
53284 1
7924 1
92070 1
71797 1
13164 1
43026 1
86609 1
75829 1
99123 1
102937 1
71798 1
19798 1
103215 1
97781 1
97773 1
93961 1
86519 1
77582 1
60644 1
31843 1
103948 1
52613 1
52750 1
93093 1
11682 1
46235 1
19797 1
94541 1
60013 1
103950 1
88401 1
64524 1
35652 1
64365 1
50544 1
19800 1
80289 1
40843 1
3186 1
24021 1
17205 1
71799 1
97778 1
64368 1
1641 1
22508 1
21983 1
88094 1
23670 1
42191 1
94873 1
33753 1
69450 1
31056 1
89421 1
106241 1
90241 1
8705 1
105762 1
28673 1
96048 1
27798 1
35758 1
11702 1
20864 1
103949 1
71603 1
95434 1
83040 1
12771 1
34317 1
54872 1
16304 1
85397 1
55558 1
46866 1
7465 1
50825 1
80290 1
60436 1
23228 1
8071 1
83038 1
21390 1
106276 1
94874 1
2028 1
94476 1
64367 1
38861 1
93984 1
97308 1
10869 1
74589 1
68693 1
10144 1
47615 1
53018 1
41019 1
43127 1
3548 1
67865 1
21508 1
40538 1
94875 1
49520 1
2247 1
74990 1
63773 1
81465 1
85038 1
11698 1
38863 1
7958 1
64044 1
80453 1
38615 1
69191 1
19168 1
75960 1
96906 1
76271 1
1365 1
59350 1
67262 1
35648 1
68692 1
56244 1
8070 1
102066 1
3187 1
4728 1
87164 1
65866 1
3184 1
69129 1
11250 1
19169 1
21720 1
92704 1
61925 1
96681 1
57007 1
60014 1
78132 1
103503 1
40576 1
3004 1
69153 1
69192 1
102676 1
9135 1
61715 1
38862 1
75294 1
59526 1
8773 1
32785 1
53020 1
94474 1
50198 1
64030 1
32784 1
82318 1
50316 1
38544 1
66750 1
12521 1
12985 1
21602 1
90074 1
81463 1
50958 1
8770 1
75553 1
13503 1
35651 1
88402 1
41496 1
35650 1
22831 1
23244 1
32782 1
84915 1
55508 1
43128 1
76106 1
66033 1
35369 1
87949 1
61046 1
7175 1
77722 1
96782 1
15286 1
32009 1
55106 1
7436 1
49957 1
50959 1
68433 1
55261 1
57059 1
90240 1
31153 1
17021 1
101375 1
4272 1
5073 1
24651 1
79974 1
67365 1
72560 1
105759 1
11105 1
23248 1
68688 1
70299 1
88398 1
81559 1
18018 1
4527 1
4724 1
106099 1
8598 1
26103 1
5953 1
465 1
47998 1
94616 1
85940 1
82078 1
20023 1
87382 1
73061 1
18996 1
102771 1
57957 1
44052 1
91328 1
18019 1
105761 1
66529 1
28244 1
32786 1
50199 1
105453 1
81469 1
57959 1
25924 1
27189 1
64048 1
83037 1
2904 1
23222 1
27734 1
67263 1
86278 1
56246 1
58911 1
45582 1
8477 1
57673 1
26680 1
43612 1
45585 1
32200 1
91334 1
75551 1
97372 1
16912 1
66904 1
37700 1
24228 1
10479 1
95636 1
34589 1
67753 1
72578 1
45581 1
84203 1
21667 1
103979 1
72573 1
41120 1
55089 1
11734 1
64302 1
48359 1
106097 1
49247 1
102770 1
21543 1
38307 1
74183 1
43028 1
54269 1
82080 1
85750 1
54096 1
55440 1
74146 1
33062 1
54653 1
3852 1
92872 1
61081 1
13462 1
36270 1
11061 1
88399 1
92800 1
45583 1
63338 1
16051 1
51476 1
57925 1
31058 1
48011 1
39665 1
64049 1
2073 1
14801 1
33465 1
71191 1
55092 1
9064 1
81468 1
35732 1
102701 1
104963 1
92817 1
48540 1
63458 1
55263 1
84256 1
73369 1
8161 1
91574 1
93034 1
100679 1
96476 1
35606 1
94322 1
97834 1
59348 1
60126 1
83169 1
51620 1
76766 1
94161 1
78135 1
11701 1
9831 1
62875 1
31948 1
50957 1
45371 1
81466 1
49743 1
75002 1
11012 1
1371 1
54654 1
71563 1
58276 1
31848 1
20723 1
53886 1
87469 1
99655 1
40927 1
91577 1
58908 1
47872 1
97116 1
65438 1
105452 1
8600 1
42988 1
78219 1
13440 1
154 1
23785 1
56668 1
62425 1
35843 1
3550 1
62426 1
96483 1
31059 1
98448 1
17130 1
41822 1
77116 1
45584 1
97761 1
52293 1
78537 1
13067 1
33446 1
50201 1
92089 1
45368 1
31849 1
35761 1
58910 1
65867 1
54990 1
55262 1
7960 1
67260 1
36728 1
2075 1
73675 1
14396 1
3061 1
6976 1
8774 1
14000 1
17407 1
84066 1
68397 1
61272 1
97802 1
4226 1
23666 1
7710 1
24129 1
43442 1
19319 1
91578 1
61301 1
79976 1
63775 1
102852 1
25919 1
50934 1
69234 1
5916 1
371 1
33275 1
20494 1
106100 1
61304 1
49640 1
50501 1
84684 1
52517 1
27605 1
100301 1
100955 1
73059 1
8599 1
26099 1
82721 1
101042 1
69370 1
52505 1
36730 1
92816 1
63859 1
64047 1
481 1
3145 1
94247 1
63428 1
16478 1
82079 1
94111 1
31155 1
100689 1
73388 1
78136 1
64438 1
32334 1
3302 1
85919 1
37572 1
93433 1
11703 1
13483 1
62877 1
73557 1
28998 1
62121 1
19598 1
23275 1
43123 1
61876 1
19318 1
21212 1
71337 1
15285 1
35654 1
94323 1
64051 1
82560 1
50261 1
7098 1
40358 1
43029 1
10871 1
60438 1
63327 1
15736 1
16337 1
35733 1
20724 1
53534 1
71251 1
90072 1
24654 1
57961 1
25841 1
10872 1
47617 1
64050 1
81467 1
2706 1
3295 1
19741 1
4192 1
4629 1
21510 1
57960 1
11249 1
62279 1
13276 1
79978 1
63688 1
48637 1
83454 1
100657 1
77059 1
83109 1
83654 1
10130 1
75912 1
95637 1
96791 1
11731 1
100620 1
70222 1
5848 1
44279 1
11699 1
11733 1
14550 1
63801 1
68819 1
32965 1
18635 1
103583 1
4166 1
62814 1
64185 1
105084 1
57760 1
91331 1
10161 1
63776 1
47514 1
31563 1
32213 1
98089 1
33547 1
33578 1
4529 1
63340 1
15249 1
47788 1
17408 1
66910 1
69533 1
89135 1
105685 1
44191 1
79098 1
31156 1
33445 1
33795 1
18399 1
3142 1
54179 1
57824 1
41679 1
93970 1
95267 1
96485 1
98034 1
99858 1
68438 1
20340 1
55442 1
94096 1
32673 1
4549 1
70099 1
71560 1
44044 1
78060 1
68245 1
69229 1
102525 1
87774 1
57664 1
13482 1
62878 1
67258 1
100690 1
4981 1
58417 1
91330 1
44824 1
80606 1
47899 1
92464 1
16815 1
5313 1
6798 1
6860 1
106278 1
59977 1
60011 1
96016 1
80509 1
1601 1
51623 1
3023 1
5259 1
72577 1
42124 1
42528 1
43125 1
43831 1
15158 1
15585 1
100697 1
52751 1
21545 1
70714 1
38310 1
71207 1
57182 1
27192 1
11852 1
13069 1
13369 1
2027 1
101485 1
3301 1
22516 1
105682 1
89426 1
27606 1
28270 1
95650 1
38160 1
43392 1
83398 1
2074 1
53473 1
5142 1
38073 1
55082 1
76236 1
10886 1
94614 1
64686 1
83657 1
35607 1
35653 1
85039 1
55936 1
72575 1
72576 1
41325 1
26341 1
76235 1
45068 1
45557 1
78536 1
95651 1
96859 1
53469 1
86612 1
35523 1
88216 1
90580 1
61812 1
30457 1
21453 1
54651 1
92511 1
93024 1
61254 1
96146 1
105505 1
49795 1
82961 1
66747 1
67157 1
53281 1
86168 1
21211 1
88214 1
6675 1
23313 1
23769 1
91241 1
63353 1
65136 1
32488 1
68390 1
69480 1
7612 1
58091 1
42735 1
60127 1
93600 1
12076 1
15252 1
81296 1
32450 1
91446 1
34034 1
83397 1
102781 1
58415 1
10057 1
93076 1
96676 1
64305 1
37747 1
64264 1
16480 1
2936 1
58297 1
11700 1
78327 1
31378 1
16708 1
10056 1
47558 1
64191 1
77299 1
19051 1
3150 1
86766 1
54181 1
21511 1
7541 1
27191 1
46808 1
66433 1
70676 1
105684 1
45560 1
83655 1
20853 1
87096 1
22515 1
57759 1
42441 1
76234 1
47979 1
17615 1
40866 1
54991 1
26964 1
76321 1
79391 1
32599 1
66907 1
54180 1
105147 1
65290 1
23466 1
106127 1
91332 1
78226 1
78319 1
30805 1
32656 1
76196 1
18456 1
39559 1
8528 1
74485 1
61877 1
80195 1
2675 1
76354 1
77056 1
49952 1
3972 1
70101 1
7177 1
72772 1
29785 1
80505 1
16268 1
49931 1
87321 1
83656 1
71565 1
42291 1
91501 1
61936 1
65096 1
32559 1
82943 1
55091 1
97762 1
17237 1
83181 1
84067 1
2634 1
55761 1
72421 1
73328 1
26470 1
13461 1
1605 1
54182 1
43393 1
15586 1
99012 1
11751 1
31973 1
33943 1
66909 1
34590 1
53533 1
87299 1
56169 1
44700 1
47474 1
82963 1
1324 1
5144 1
38431 1
104127 1
87755 1
72203 1
92512 1
79390 1
48958 1
19812 1
52880 1
102702 1
4530 1
104699 1
7962 1
75004 1
43577 1
48720 1
17614 1
68142 1
37566 1
75896 1
1325 1
100692 1
5280 1
94992 1
78970 1
38140 1
80604 1
66752 1
18993 1
101669 1
37478 1
72351 1
29579 1
16054 1
38521 1
78245 1
67261 1
86940 1
24169 1
106121 1
50264 1
83396 1
29580 1
79013 1
16053 1
81762 1
49641 1
100621 1
2496 1
53887 1
90317 1
92465 1
44451 1
61084 1
45437 1
98805 1
19682 1
105963 1
11691 1
49521 1
33789 1
50228 1
3551 1
70302 1
57669 1
49125 1
67408 1
28594 1
34036 1
37742 1
55887 1
7671 1
16055 1
84945 1
92705 1
80576 1
36891 1
45896 1
96486 1
32642 1
56220 1
16817 1
20006 1
85945 1
53583 1
53895 1
9215 1
42333 1
94540 1
63430 1
7628 1
66751 1
52294 1
37748 1
106006 1
13070 1
13949 1
65098 1
73710 1
45559 1
37397 1
5246 1
74431 1
91313 1
9516 1
25921 1
92513 1
76269 1
94993 1
14890 1
64175 1
70304 1
49745 1
1889 1
84076 1
3314 1
36522 1
39337 1
55744 1
57504 1
91288 1
74988 1
75357 1
92978 1
11693 1
10055 1
32198 1
98486 1
66050 1
103684 1
87341 1
105663 1
72999 1
8111 1
76322 1
27697 1
45610 1
47150 1
63733 1
31081 1
63910 1
77995 1
96517 1
18574 1
51478 1
3026 1
37745 1
87535 1
57120 1
8237 1
91793 1
43596 1
78322 1
63762 1
32201 1
85210 1
6795 1
17240 1
3582 1
88521 1
7668 1
106125 1
45069 1
63843 1
33160 1
93785 1
79922 1
33580 1
13071 1
64511 1
2447 1
6864 1
26207 1
43829 1
44916 1
66455 1
83150 1
1554 1
83786 1
2971 1
52795 1
20733 1
70683 1
88282 1
39662 1
23419 1
72921 1
58480 1
44977 1
28639 1
78082 1
62815 1
98485 1
44011 1
66672 1
22282 1
22285 1
26491 1
59411 1
77865 1
45897 1
97954 1
87537 1
58073 1
80507 1
16287 1
65963 1
18825 1
88311 1
76323 1
94442 1
29582 1
62780 1
62816 1
31591 1
67589 1
86522 1
90016 1
28638 1
31067 1
66053 1
83502 1
72760 1
56799 1
10357 1
61517 1
28852 1
62724 1
32337 1
3300 1
7478 1
46522 1
32600 1
2435 1
55137 1
73561 1
73602 1
93371 1
17612 1
89710 1
75005 1
81458 1
48835 1
105662 1
94249 1
45895 1
96475 1
30940 1
17239 1
100163 1
101443 1
85611 1
102609 1
72201 1
7860 1
89956 1
57972 1
75898 1
45611 1
13952 1
63600 1
14865 1
68771 1
19891 1
4439 1
61086 1
94837 1
36340 1
102065 1
70887 1
7815 1
90318 1
58058 1
46362 1
14699 1
17207 1
34310 1
18458 1
52770 1
20117 1
103612 1
71307 1
42667 1
46524 1
3151 1
5315 1
71913 1
31178 1
67336 1
51479 1
39125 1
40575 1
48091 1
97435 1
65292 1
66240 1
53052 1
23663 1
41488 1
43271 1
13442 1
65156 1
16272 1
34881 1
59609 1
51912 1
70303 1
27205 1
61422 1
16113 1
850 1
3584 1
105967 1
82434 1
1812 1
67906 1
36771 1
21168 1
7625 1
57699 1
24948 1
24949 1
25922 1
86685 1
39925 1
40232 1
74459 1
13930 1
82747 1
50955 1
34879 1
52817 1
86768 1
5509 1
39970 1
40319 1
24947 1
57792 1
9294 1
43576 1
93643 1
95007 1
62793 1
79540 1
15253 1
5317 1
45165 1
66052 1
53575 1
5381 1
105331 1
41453 1
27611 1
45009 1
12547 1
45404 1
14132 1
80527 1
3144 1
100160 1
67960 1
51695 1
21173 1
106200 1
9296 1
42289 1
78071 1
94507 1
96474 1
97253 1
64512 1
48513 1
73955 1
52449 1
85612 1
85854 1
20947 1
70715 1
55389 1
6862 1
73047 1
106148 1
27930 1
13981 1
30577 1
47810 1
104911 1
55890 1
82018 1
35552 1
3146 1
4722 1
37673 1
38531 1
39756 1
23434 1
74019 1
60102 1
12602 1
62123 1
30298 1
96422 1
65037 1
16271 1
42123 1
16451 1
2756 1
36681 1
55086 1
39305 1
56097 1
10537 1
92514 1
12861 1
62122 1
62232 1
13925 1
14130 1
80105 1
15095 1
15251 1
49606 1
83098 1
50950 1
2203 1
69231 1
4325 1
23667 1
40316 1
105965 1
24553 1
24615 1
41329 1
90720 1
91511 1
95448 1
64453 1
64513 1
97325 1
48515 1
467 1
50318 1
99654 1
2166 1
51694 1
101822 1
54248 1
23225 1
90021 1
41109 1
26093 1
59838 1
11002 1
61085 1
12819 1
14446 1
32360 1
16270 1
98305 1
384 1
82488 1
49797 1
33464 1
33594 1
17273 1
34353 1
100399 1
84078 1
84390 1
85946 1
21478 1
7363 1
90200 1
60150 1
77794 1
62234 1
62357 1
62794 1
13953 1
95957 1
49659 1
69503 1
37026 1
104165 1
38980 1
105375 1
91311 1
93797 1
77570 1
64707 1
98488 1
82489 1
82723 1
55554 1
55884 1
24688 1
9207 1
91668 1
93303 1
60703 1
63735 1
16404 1
358 1
17552 1
33945 1
1528 1
4219 1
103330 1
72003 1
106146 1
57184 1
58527 1
10567 1
76231 1
27516 1
96258 1
30920 1
31015 1
50317 1
50369 1
3521 1
4577 1
5316 1
38175 1
87672 1
72226 1
41119 1
90524 1
90810 1
9295 1
10481 1
93329 1
45092 1
13368 1
13443 1
96386 1
16273 1
82699 1
50370 1
68018 1
2753 1
102437 1
4537 1
23122 1
39784 1
40111 1
44260 1
77058 1
28401 1
28847 1
45613 1
95231 1
95758 1
62992 1
63007 1
47374 1
14803 1
47661 1
64436 1
32941 1
50243 1
99822 1
84360 1
35724 1
36546 1
70305 1
54348 1
55510 1
23250 1
56098 1
7052 1
23436 1
7322 1
7669 1
73953 1
41288 1
57698 1
90932 1
43002 1
77290 1
93934 1
47059 1
64454 1
32098 1
65076 1
65078 1
48784 1
48836 1
98091 1
98489 1
99546 1
50953 1
19688 1
37878 1
70877 1
38447 1
55670 1
88689 1
56223 1
40119 1
7616 1
25722 1
10569 1
27101 1
76519 1
11201 1
93799 1
46046 1
62723 1
62994 1
13927 1
79487 1
96144 1
30629 1
96535 1
104912 1
93 1
82696 1
33648 1
3694 1
38180 1
89131 1
40568 1
106152 1
57185 1
25571 1
43750 1
77128 1
12682 1
13928 1
79649 1
81100 1
81402 1
65077 1
66419 1
17723 1
18032 1
100197 1
21717 1
71920 1
89094 1
56538 1
73954 1
8887 1
91261 1
42190 1
93268 1
60531 1
44638 1
44640 1
12604 1
96409 1
64954 1
82812 1
83306 1
3371 1
20942 1
103441 1
88415 1
23224 1
89538 1
90118 1
8889 1
77435 1
45007 1
63268 1
83452 1
10585 1
17369 1
67586 1
68436 1
19386 1
52273 1
69574 1
5011 1
55616 1
6474 1
56096 1
39860 1
23558 1
23857 1
89712 1
10466 1
27518 1
78879 1
96730 1
47648 1
64451 1
50552 1
18938 1
37211 1
17664 1
17983 1
84003 1
22287 1
55503 1
74384 1
75899 1
77876 1
78236 1
95423 1
95652 1
96537 1
48516 1
49028 1
90203 1
99247 1
17440 1
83290 1
67499 1
3071 1
85288 1
70170 1
71615 1
7479 1
58040 1
90814 1
25655 1
25718 1
91950 1
78146 1
61783 1
63928 1
65079 1
519 1
83228 1
69355 1
88218 1
7845 1
7879 1
73594 1
28602 1
45182 1
52454 1
36169 1
41300 1
77569 1
77997 1
62332 1
46215 1
48432 1
64831 1
98090 1
65725 1
33121 1
5941 1
57070 1
9205 1
95328 1
47467 1
98651 1
82352 1
19565 1
52820 1
38354 1
71554 1
39737 1
7615 1
57297 1
41361 1
25720 1
92015 1
95998 1
96291 1
50508 1
20191 1
20492 1
73117 1
7666 1
8226 1
59534 1
93733 1
44805 1
62995 1
83564 1
100565 1
100755 1
85325 1
70172 1
21175 1
54483 1
87517 1
6455 1
88453 1
55769 1
56535 1
43608 1
28220 1
13659 1
30117 1
37915 1
17208 1
17917 1
18291 1
37398 1
21169 1
106122 1
90812 1
92542 1
93265 1
13657 1
62996 1
34137 1
3586 1
56038 1
39857 1
23665 1
91895 1
10607 1
78239 1
47705 1
15058 1
15587 1
16583 1
66126 1
83254 1
84004 1
84844 1
20339 1
38561 1
6407 1
9128 1
58579 1
25946 1
60075 1
15288 1
41400 1
12605 1
98653 1
18684 1
51942 1
7350 1
105805 1
77784 1
45535 1
78344 1
29447 1
49661 1
17211 1
50913 1
1959 1
3585 1
39210 1
75230 1
4640 1
34257 1
84259 1
68492 1
102503 1
37702 1
54161 1
71422 1
88095 1
6387 1
72422 1
105787 1
105858 1
73372 1
75042 1
44576 1
12320 1
62625 1
46740 1
3587 1
3778 1
36683 1
104983 1
42668 1
98569 1
49889 1
50507 1
84813 1
103014 1
4889 1
88809 1
24655 1
25153 1
90813 1
94538 1
13278 1
79752 1
63647 1
81258 1
32317 1
100938 1
48081 1
16978 1
1326 1
35095 1
24003 1
74086 1
74427 1
59339 1
93805 1
31426 1
66128 1
99054 1
868 1
83309 1
83504 1
52275 1
52276 1
36548 1
3794 1
103560 1
87332 1
55582 1
57458 1
58159 1
41832 1
92016 1
76317 1
93175 1
29294 1
46155 1
13885 1
31706 1
97331 1
92629 1
68548 1
103240 1
21783 1
22141 1
59388 1
43815 1
28764 1
13883 1
81539 1
16039 1
16734 1
83225 1
68439 1
3827 1
103929 1
71423 1
39055 1
6785 1
72465 1
40063 1
56504 1
57164 1
24601 1
11805 1
77611 1
77785 1
45093 1
46303 1
13929 1
96862 1
97680 1
99888 1
85459 1
70998 1
88691 1
67662 1
18946 1
4540 1
21480 1
103538 1
70966 1
55237 1
55502 1
55553 1
6648 1
56432 1
92541 1
79609 1
869 1
67193 1
67192 1
2168 1
103056 1
87619 1
6475 1
89437 1
40412 1
9669 1
42530 1
26985 1
92906 1
27800 1
78876 1
30846 1
98807 1
50280 1
5822 1
56320 1
105867 1
8633 1
74453 1
43167 1
78241 1
78240 1
96839 1
32057 1
99668 1
4662 1
104858 1
56177 1
89066 1
40137 1
56525 1
40311 1
56876 1
57383 1
25721 1
28849 1
13014 1
13577 1
62770 1
96383 1
64103 1
80909 1
97328 1
32754 1
36417 1
5724 1
39052 1
88911 1
89096 1
105527 1
72763 1
40234 1
74004 1
41241 1
76019 1
10570 1
12708 1
48722 1
33147 1
82351 1
98736 1
66366 1
17285 1
83308 1
85007 1
87736 1
55316 1
39054 1
104869 1
73125 1
57381 1
58036 1
59009 1
79138 1
79232 1
95773 1
15485 1
49662 1
21364 1
70964 1
71348 1
5985 1
7938 1
58746 1
76020 1
59780 1
94295 1
45460 1
78242 1
48675 1
32671 1
35928 1
36833 1
4667 1
55168 1
55185 1
55504 1
56461 1
58076 1
60024 1
44902 1
29078 1
46158 1
62692 1
81504 1
67501 1
52277 1
87048 1
21800 1
22324 1
72316 1
90282 1
58693 1
91896 1
92239 1
75870 1
26955 1
43837 1
93326 1
95001 1
14040 1
96000 1
30760 1
81018 1
100162 1
18719 1
70356 1
4893 1
22143 1
90286 1
10304 1
76017 1
59847 1
76318 1
31754 1
99682 1
88674 1
23522 1
89436 1
8588 1
57741 1
25291 1
77571 1
45984 1
97037 1
48956 1
99020 1
39081 1
74177 1
58075 1
74494 1
9649 1
43752 1
61080 1
62374 1
47109 1
96825 1
49394 1
33020 1
98814 1
18211 1
2490 1
37049 1
56493 1
89303 1
24145 1
90940 1
91897 1
42934 1
10196 1
43169 1
11203 1
62091 1
14844 1
98155 1
98160 1
32670 1
2098 1
88124 1
79160 1
31709 1
82045 1
100019 1
1990 1
84872 1
35929 1
69246 1
70171 1
103171 1
71424 1
41831 1
60491 1
93343 1
12099 1
81126 1
537 1
35339 1
35743 1
28425 1
66611 1
99465 1
83310 1
2487 1
52082 1
52274 1
101514 1
103051 1
103055 1
5321 1
88524 1
24852 1
74247 1
41888 1
59853 1
43754 1
61435 1
29862 1
13523 1
79363 1
46865 1
31016 1
80913 1
72101 1
106009 1
44677 1
61762 1
63016 1
576 1
83097 1
18210 1
50990 1
67487 1
36415 1
53759 1
5188 1
54829 1
56056 1
57363 1
42360 1
27815 1
28143 1
45588 1
29385 1
48723 1
68317 1
53345 1
73923 1
32817 1
393 1
18208 1
52278 1
3500 1
19949 1
36396 1
53065 1
37703 1
5912 1
22761 1
88329 1
23408 1
8373 1
59436 1
48326 1
64734 1
81121 1
82902 1
50555 1
2105 1
67828 1
4101 1
5825 1
38824 1
39056 1
88503 1
39550 1
105124 1
39971 1
24410 1
73682 1
41886 1
75371 1
42659 1
76619 1
61916 1
78347 1
30337 1
14847 1
99359 1
33892 1
83123 1
83936 1
51962 1
85328 1
85426 1
20000 1
20472 1
88271 1
88916 1
24612 1
24742 1
41199 1
8724 1
25149 1
58093 1
58298 1
91264 1
26465 1
10538 1
26952 1
60140 1
45183 1
78701 1
46425 1
47289 1
80494 1
15319 1
32275 1
81908 1
49335 1
33381 1
50090 1
19198 1
84921 1
35930 1
19815 1
20464 1
87322 1
70968 1
38528 1
71463 1
22849 1
40121 1
24209 1
74339 1
59784 1
92626 1
46964 1
47701 1
31502 1
64646 1
97892 1
82239 1
17372 1
50399 1
17673 1
50554 1
67716 1
2337 1
18758 1
3697 1
103011 1
87097 1
56179 1
23496 1
72777 1
7759 1
24614 1
73908 1
74054 1
90672 1
74927 1
11204 1
44648 1
30428 1
79918 1
97889 1
82299 1
65729 1
65728 1
17391 1
17575 1
100142 1
100839 1
3051 1
87168 1
103883 1
39462 1
40122 1
106024 1
41077 1
75127 1
9818 1
76176 1
44570 1
44651 1
12772 1
62295 1
47272 1
31501 1
98158 1
632 1
756 1
84873 1
85425 1
85555 1
53258 1
103392 1
5537 1
5562 1
72423 1
88914 1
41636 1
42770 1
92657 1
92823 1
77252 1
77282 1
28565 1
77774 1
29096 1
62711 1
96439 1
80144 1
31295 1
31498 1
80882 1
97981 1
98947 1
99003 1
99681 1
2347 1
18769 1
53577 1
103212 1
56927 1
40680 1
106253 1
41043 1
43170 1
28048 1
61004 1
95951 1
63311 1
79819 1
80025 1
98156 1
59498 1
82085 1
50622 1
67194 1
19046 1
51891 1
68817 1
101803 1
4087 1
5028 1
87015 1
38239 1
87975 1
104358 1
6236 1
71907 1
72597 1
40753 1
24993 1
9282 1
59535 1
43278 1
59782 1
93745 1
13154 1
47312 1
65446 1
55689 1
79187 1
83593 1
68481 1
4161 1
102542 1
103050 1
53966 1
37614 1
103244 1
40712 1
25552 1
74910 1
27148 1
44540 1
94393 1
95303 1
15044 1
98159 1
82525 1
42345 1
75803 1
45526 1
48959 1
16466 1
32956 1
819 1
50259 1
17731 1
18001 1
18232 1
18721 1
2605 1
35686 1
35931 1
52490 1
52542 1
86161 1
86336 1
38178 1
5715 1
38804 1
7629 1
89994 1
24841 1
8610 1
10764 1
92839 1
12903 1
63511 1
47704 1
15049 1
97036 1
31829 1
2946 1
5922 1
88763 1
89947 1
42895 1
76108 1
11615 1
94352 1
95149 1
389 1
17691 1
83382 1
51017 1
68727 1
53012 1
69417 1
36834 1
86113 1
87607 1
73052 1
91140 1
91444 1
75110 1
26956 1
76256 1
43840 1
44199 1
11614 1
93577 1
77402 1
94745 1
30468 1
80332 1
98129 1
98157 1
33735 1
83136 1
50517 1
36774 1
4155 1
71530 1
38768 1
6390 1
56158 1
72778 1
75450 1
60958 1
29321 1
30890 1
81876 1
16545 1
33063 1
34619 1
67942 1
51960 1
52686 1
3997 1
70322 1
87069 1
87874 1
88915 1
75697 1
92628 1
77117 1
61917 1
95000 1
29640 1
97893 1
16826 1
85991 1
6456 1
72049 1
22977 1
89861 1
9572 1
42773 1
60665 1
93654 1
44579 1
93887 1
61918 1
29436 1
30783 1
33080 1
66599 1
99466 1
99890 1
67543 1
18526 1
84377 1
37648 1
103624 1
21995 1
104957 1
40540 1
57677 1
42517 1
75955 1
77174 1
61207 1
61915 1
46032 1
62494 1
47352 1
32105 1
82217 1
35346 1
101026 1
69282 1
69483 1
54198 1
105191 1
105577 1
40477 1
41415 1
11084 1
44649 1
95922 1
63499 1
51551 1
19195 1
70622 1
103467 1
55770 1
89085 1
75373 1
29855 1
62722 1
96516 1
31151 1
31756 1
98491 1
65730 1
17139 1
19047 1
19239 1
101799 1
3721 1
4165 1
21065 1
71704 1
55901 1
89022 1
73911 1
75571 1
75689 1
27206 1
27477 1
13065 1
13192 1
47790 1
96984 1
80914 1
97682 1
18521 1
62664 1
50 1
17873 1
83939 1
101210 1
68777 1
3835 1
69493 1
37170 1
86524 1
102939 1
103729 1
54830 1
55688 1
56514 1
90259 1
76201 1
11987 1
94886 1
62128 1
30667 1
30816 1
31579 1
85558 1
65224 1
16506 1
98669 1
100520 1
18668 1
84691 1
2978 1
102474 1
53513 1
37172 1
103103 1
21494 1
104324 1
104662 1
39167 1
6451 1
88812 1
88954 1
7378 1
40263 1
8235 1
57578 1
24848 1
41305 1
90593 1
41543 1
25249 1
43262 1
26957 1
76674 1
60344 1
44301 1
60843 1
78046 1
45380 1
61919 1
62547 1
79282 1
63008 1
48177 1
64982 1
15937 1
82459 1
49877 1
66621 1
50265 1
67386 1
67550 1
2551 1
51963 1
101445 1
52317 1
69133 1
3999 1
20932 1
37881 1
21788 1
38526 1
104755 1
71997 1
7452 1
7537 1
8778 1
75805 1
43090 1
60509 1
60512 1
44578 1
44581 1
28446 1
12087 1
29639 1
95585 1
30265 1
30813 1
63764 1
64118 1
47996 1
80963 1
64744 1
81366 1
65448 1
98302 1
18184 1
35098 1
69032 1
3977 1
88090 1
71741 1
23347 1
72780 1
23997 1
8590 1
41887 1
76203 1
10962 1
27401 1
44043 1
60807 1
12299 1
12306 1
62563 1
63305 1
80181 1
64019 1
64171 1
31932 1
64798 1
65278 1
35683 1
19894 1
85993 1
20480 1
4173 1
86120 1
5187 1
22039 1
39428 1
105086 1
74092 1
41777 1
74569 1
58244 1
59000 1
43410 1
76194 1
93328 1
60648 1
12424 1
94913 1
79517 1
97335 1
64811 1
81554 1
48908 1
50884 1
84414 1
87896 1
104903 1
66064 1
98979 1
50278 1
1422 1
66958 1
18524 1
35116 1
84312 1
19050 1
84902 1
101447 1
102183 1
54044 1
5183 1
38241 1
5486 1
71323 1
55227 1
6295 1
7667 1
24093 1
24249 1
24942 1
25280 1
75065 1
91903 1
75958 1
59655 1
76245 1
27866 1
11879 1
78265 1
79059 1
80185 1
80438 1
97394 1
81341 1
48911 1
17400 1
103142 1
38826 1
41520 1
42950 1
62718 1
15913 1
16507 1
82336 1
66263 1
17434 1
50497 1
1417 1
51221 1
100952 1
85115 1
36386 1
86107 1
86340 1
53902 1
5640 1
38827 1
39654 1
105420 1
105422 1
89336 1
7631 1
73595 1
73868 1
90463 1
58395 1
42708 1
10496 1
76368 1
93465 1
28055 1
12525 1
45604 1
94890 1
62285 1
46571 1
14430 1
30876 1
96905 1
15304 1
64958 1
65410 1
19686 1
36712 1
69603 1
4583 1
87115 1
24922 1
25649 1
46686 1
80276 1
47791 1
65831 1
49959 1
99205 1
100064 1
34914 1
35344 1
52593 1
52635 1
53836 1
87013 1
54787 1
87598 1
104266 1
72289 1
88764 1
23301 1
105708 1
40395 1
41287 1
8546 1
25150 1
27200 1
27271 1
44543 1
77614 1
62645 1
79333 1
63566 1
15320 1
66174 1
99987 1
100226 1
84996 1
36185 1
87968 1
56180 1
41524 1
25824 1
10119 1
94496 1
62721 1
46384 1
46756 1
96322 1
14748 1
97437 1
97887 1
16107 1
16288 1
16803 1
98810 1
99055 1
34169 1
101168 1
52173 1
84947 1
85121 1
85666 1
38532 1
55903 1
23216 1
6960 1
40537 1
73433 1
90592 1
74911 1
10644 1
11027 1
11153 1
60685 1
28888 1
13250 1
62589 1
13660 1
80569 1
31934 1
48583 1
65646 1
458 1
614 1
17142 1
99544 1
100523 1
3456 1
101837 1
19995 1
53665 1
21178 1
86922 1
21890 1
87490 1
104326 1
25365 1
93000 1
76782 1
61729 1
78513 1
29643 1
78824 1
46128 1
95449 1
30484 1
15000 1
31483 1
32468 1
16743 1
18587 1
100695 1
86158 1
87610 1
55605 1
24437 1
90137 1
8833 1
76487 1
11983 1
62432 1
62725 1
95582 1
30267 1
96985 1
49512 1
16804 1
573 1
792 1
34371 1
84204 1
35281 1
19597 1
101841 1
20949 1
37537 1
37582 1
103390 1
21705 1
38417 1
87893 1
55690 1
55911 1
72719 1
106211 1
90151 1
41032 1
42347 1
60341 1
93829 1
61756 1
95320 1
79007 1
62923 1
46883 1
47708 1
64968 1
15924 1
97884 1
81567 1
16104 1
33060 1
65852 1
397 1
100866 1
19557 1
4792 1
86750 1
41513 1
43092 1
10643 1
12479 1
62390 1
29626 1
14804 1
48118 1
16453 1
82508 1
768 1
33987 1
99861 1
99884 1
50764 1
67227 1
84167 1
51898 1
52356 1
19704 1
52904 1
102108 1
36620 1
53206 1
4669 1
53965 1
4874 1
54063 1
21428 1
22797 1
88598 1
39616 1
72424 1
56157 1
105403 1
89517 1
24230 1
10000 1
10245 1
59543 1
27184 1
93214 1
11468 1
28456 1
12327 1
45713 1
62429 1
95331 1
62581 1
95466 1
62720 1
13683 1
46714 1
80844 1
81892 1
22197 1
73845 1
10305 1
94843 1
97744 1
98501 1
33105 1
478 1
99203 1
18342 1
18591 1
34975 1
100602 1
2560 1
18995 1
35616 1
52253 1
68698 1
101805 1
69079 1
20004 1
20499 1
20716 1
69973 1
4725 1
37584 1
87021 1
54298 1
21672 1
5399 1
22162 1
6102 1
6113 1
71978 1
72323 1
39684 1
56568 1
56571 1
23995 1
8436 1
8459 1
41451 1
9573 1
75465 1
91857 1
59130 1
75797 1
43590 1
10963 1
27755 1
77224 1
44634 1
77687 1
29429 1
13107 1
46062 1
46206 1
79763 1
14322 1
63530 1
47207 1
64026 1
47674 1
31736 1
15858 1
65225 1
294 1
98670 1
49922 1
17246 1
17275 1
50602 1
34357 1
34358 1
34503 1
100070 1
34699 1
67676 1
84127 1
51994 1
19445 1
86432 1
86629 1
4715 1
21265 1
37664 1
4966 1
86923 1
5193 1
21787 1
103982 1
71318 1
71898 1
56589 1
90181 1
90382 1
8786 1
41634 1
25361 1
43013 1
76204 1
43788 1
76762 1
44054 1
44303 1
61136 1
77659 1
78270 1
29389 1
29896 1
46348 1
13636 1
63283 1
14912 1
31311 1
48094 1
97416 1
15525 1
15635 1
15643 1
81376 1
32245 1
15916 1
98248 1
82375 1
33528 1
99215 1
50087 1
33816 1
66800 1
99622 1
34608 1
34825 1
100410 1
100450 1
18576 1
51899 1
52224 1
3224 1
19683 1
36666 1
20315 1
20316 1
36716 1
4201 1
4406 1
20999 1
70215 1
70422 1
4934 1
5085 1
87084 1
21674 1
54754 1
87542 1
88231 1
22701 1
39639 1
56436 1
23926 1
73174 1
24264 1
24287 1
89870 1
24434 1
8834 1
74387 1
91144 1
26052 1
75490 1
91976 1
75696 1
43355 1
59806 1
44335 1
44636 1
11991 1
11993 1
77693 1
94391 1
61829 1
46452 1
30087 1
62916 1
95762 1
46733 1
63187 1
96128 1
80246 1
48497 1
16538 1
49330 1
49463 1
98634 1
98900 1
17014 1
66257 1
17247 1
33657 1
83658 1
18283 1
83914 1
18421 1
18469 1
67847 1
67920 1
18926 1
68359 1
35591 1
52005 1
68410 1
52302 1
101484 1
19602 1
68803 1
101671 1
69134 1
36378 1
36633 1
36773 1
102350 1
53338 1
86133 1
37941 1
71062 1
54804 1
87609 1
5944 1
87931 1
38845 1
55607 1
89110 1
56413 1
89294 1
40346 1
40396 1
56915 1
8386 1
74165 1
8831 1
58598 1
58698 1
10004 1
59439 1
76967 1
27948 1
60809 1
44583 1
93881 1
93880 1
78569 1
62446 1
79004 1
30431 1
46935 1
47395 1
31981 1
81276 1
16189 1
101 1
65755 1
16732 1
98890 1
17928 1
17969 1
67225 1
1783 1
18236 1
67478 1
84211 1
18764 1
67926 1
2537 1
35449 1
19199 1
68360 1
68711 1
85572 1
53070 1
102845 1
70124 1
37400 1
21053 1
37466 1
70405 1
103262 1
38199 1
54782 1
55101 1
38868 1
38986 1
71851 1
104696 1
71952 1
39255 1
23368 1
105354 1
88995 1
24296 1
89931 1
8630 1
25141 1
74600 1
9169 1
74994 1
58696 1
59828 1
27204 1
76396 1
27490 1
27753 1
60628 1
11616 1
77503 1
61673 1
12582 1
45357 1
61801 1
12777 1
46060 1
29897 1
13533 1
95822 1
46685 1
46752 1
30381 1
96132 1
80394 1
80823 1
80925 1
15389 1
31924 1
32169 1
48602 1
81412 1
48968 1
81893 1
49397 1
82431 1
82464 1
33509 1
50266 1
50330 1
66968 1
100169 1
83916 1
18671 1
67846 1
2339 1
2851 1
101220 1
3106 1
3195 1
101747 1
101750 1
3712 1
4253 1
86369 1
37221 1
86429 1
103178 1
21767 1
5383 1
54758 1
5751 1
104281 1
55469 1
88525 1
55892 1
6891 1
6917 1
6971 1
40168 1
56569 1
89652 1
40734 1
57308 1
90093 1
73789 1
24944 1
90610 1
74249 1
41522 1
90681 1
74660 1
41901 1
25610 1
42003 1
10433 1
10460 1
43252 1
59761 1
76748 1
11519 1
44433 1
77220 1
11706 1
93973 1
28827 1
61868 1
29155 1
95108 1
29634 1
29950 1
13786 1
30204 1
47201 1
47588 1
80422 1
14951 1
14992 1
15130 1
15446 1
64689 1
48399 1
64932 1
16142 1
49133 1
49345 1
49346 1
33227 1
582 1
49937 1
17507 1
33905 1
17595 1
66775 1
1421 1
99791 1
17924 1
99962 1
2169 1
84213 1
51542 1
35353 1
101218 1
2970 1
2980 1
85015 1
3119 1
52312 1
19718 1
36115 1
36189 1
20003 1
20015 1
85588 1
4083 1
69644 1
53268 1
86630 1
4890 1
70627 1
54253 1
103712 1
103935 1
6166 1
104470 1
6222 1
71804 1
6508 1
88813 1
56053 1
39740 1
89147 1
89348 1
7551 1
24066 1
89667 1
40637 1
57205 1
73596 1
73603 1
74084 1
24938 1
90609 1
41583 1
90921 1
26051 1
91591 1
26182 1
42573 1
59162 1
75936 1
76052 1
59773 1
92590 1
59907 1
27318 1
60177 1
76719 1
44012 1
44569 1
44584 1
11989 1
44987 1
45024 1
12518 1
12560 1
45436 1
12715 1
47310 1
63981 1
64194 1
97038 1
15321 1
97337 1
97422 1
64706 1
97649 1
81334 1
32194 1
64997 1
48740 1
48909 1
32943 1
49329 1
33102 1
65898 1
664 1
99195 1
1049 1
83273 1
100171 1
100720 1
2652 1
68504 1
85055 1
101672 1
102025 1
3730 1
69460 1
102300 1
20425 1
4131 1
4623 1
4784 1
103265 1
5307 1
21940 1
5733 1
54899 1
22146 1
22150 1
71350 1
55255 1
71817 1
71855 1
22897 1
55780 1
88592 1
39463 1
88765 1
88853 1
23573 1
23584 1
73009 1
40278 1
89520 1
89657 1
24273 1
57214 1
24476 1
90444 1
8563 1
90680 1
25385 1
90925 1
25618 1
25700 1
91538 1
58948 1
42664 1
91923 1
92010 1
26645 1
26795 1
75954 1
59657 1
76051 1
92526 1
27203 1
76442 1
10915 1
11085 1
76794 1
60510 1
76966 1
77118 1
93538 1
28029 1
44513 1
77479 1
94044 1
28731 1
28831 1
61706 1
94769 1
94867 1
62651 1
62925 1
30430 1
96405 1
63767 1
14891 1
47961 1
31907 1
31933 1
32060 1
16146 1
98304 1
49460 1
33146 1
459 1
33252 1
99206 1
50091 1
33929 1
50975 1
83779 1
18260 1
83979 1
67877 1
67929 1
67951 1
2569 1
84809 1
52139 1
85206 1
101614 1
69025 1
19985 1
3813 1
53269 1
102512 1
4217 1
86372 1
70213 1
37564 1
4809 1
103150 1
37842 1
54242 1
70630 1
21485 1
5622 1
71226 1
71237 1
5725 1
5726 1
55254 1
38966 1
88460 1
104883 1
56055 1
6963 1
56319 1
105807 1
24013 1
7919 1
89938 1
24409 1
57202 1
106393 1
24724 1
41145 1
90931 1
9112 1
74985 1
42590 1
91827 1
9980 1
42865 1
59301 1
76038 1
92592 1
76217 1
59873 1
59905 1
92732 1
44079 1
60678 1
28162 1
44580 1
11908 1
28341 1
28350 1
45113 1
12415 1
94383 1
94516 1
62448 1
13352 1
29802 1
62584 1
79017 1
47345 1
14595 1
31004 1
63803 1
47440 1
96654 1
96732 1
80847 1
48290 1
48291 1
81110 1
15583 1
31970 1
31982 1
64755 1
48493 1
81272 1
32247 1
32469 1
16111 1
65335 1
49033 1
16345 1
49337 1
65742 1
17053 1
99091 1
66530 1
1163 1
52226 1
68768 1
85203 1
20147 1
36713 1
53405 1
54410 1
22620 1
6372 1
6710 1
72457 1
89434 1
57213 1
57656 1
25387 1
74829 1
59014 1
43189 1
10498 1
27238 1
44568 1
94514 1
15332 1
64746 1
81373 1
99463 1
67359 1
83977 1
84812 1
68580 1
101626 1
20008 1
69576 1
86239 1
21366 1
21791 1
5514 1
71165 1
87930 1
6056 1
6680 1
89149 1
56407 1
89296 1
23834 1
89440 1
105976 1
89703 1
89827 1
9015 1
25616 1
91814 1
91831 1
26349 1
60099 1
60176 1
12322 1
62368 1
95140 1
29706 1
14138 1
96075 1
30595 1
96324 1
31745 1
32753 1
33292 1
82461 1
82850 1
18617 1
100911 1
2649 1
2705 1
52196 1
101491 1
101616 1
85409 1
85571 1
20054 1
20328 1
20344 1
37110 1
37198 1
53761 1
37580 1
4921 1
4998 1
37846 1
37956 1
5385 1
38222 1
38226 1
54831 1
71431 1
5930 1
55414 1
71814 1
72100 1
23671 1
56570 1
56664 1
7540 1
57661 1
57689 1
57753 1
8791 1
41660 1
9091 1
41899 1
25523 1
75228 1
43472 1
27187 1
76715 1
76760 1
11932 1
12750 1
29323 1
13473 1
30160 1
30178 1
31580 1
31711 1
31853 1
15506 1
64674 1
48296 1
64753 1
48411 1
15811 1
81506 1
81787 1
49452 1
3248 1
87521 1
87543 1
91134 1
9245 1
9247 1
10462 1
94241 1
29355 1
62539 1
30206 1
80826 1
49347 1
82301 1
82463 1
34144 1
66994 1
84090 1
2400 1
35365 1
35618 1
85469 1
69169 1
36648 1
70119 1
103028 1
103259 1
103513 1
38529 1
38627 1
6889 1
56539 1
105986 1
73846 1
57552 1
90428 1
8826 1
41635 1
74669 1
59193 1
76013 1
59779 1
10645 1
43848 1
93077 1
43938 1
44015 1
76985 1
28088 1
93929 1
44909 1
29825 1
46755 1
14328 1
81878 1
68102 1
36193 1
105530 1
39997 1
89288 1
23766 1
75277 1
59576 1
27757 1
27758 1
82190 1
16802 1
33216 1
82466 1
17143 1
82840 1
17430 1
34473 1
84810 1
52372 1
52389 1
36361 1
85573 1
52870 1
53068 1
102742 1
4545 1
4691 1
70486 1
87582 1
104011 1
88684 1
39805 1
57554 1
74390 1
74433 1
25290 1
42516 1
43652 1
77871 1
29848 1
13635 1
63350 1
80225 1
31130 1
14794 1
80423 1
96850 1
47710 1
31831 1
64728 1
32277 1
16109 1
48976 1
40166 1
46025 1
98409 1
98468 1
82148 1
98586 1
33279 1
82465 1
83216 1
34380 1
100291 1
83980 1
84168 1
2670 1
84777 1
84808 1
101840 1
69485 1
4103 1
4718 1
37845 1
21752 1
103708 1
21882 1
87850 1
104381 1
22468 1
88320 1
88601 1
6709 1
72458 1
72722 1
89112 1
89151 1
89264 1
89372 1
89653 1
57207 1
74230 1
41833 1
91465 1
59133 1
92528 1
92539 1
59937 1
76420 1
11262 1
27886 1
11992 1
94077 1
94126 1
94385 1
78181 1
12935 1
13353 1
62596 1
78980 1
14914 1
48179 1
15637 1
65580 1
84403 1
90741 1
90724 1
98587 1
396 1
398 1
49688 1
98872 1
575 1
33757 1
99378 1
66955 1
1420 1
1770 1
2341 1
19760 1
101925 1
102235 1
102420 1
20651 1
86371 1
70008 1
103510 1
87849 1
55888 1
23138 1
88683 1
105149 1
88769 1
72721 1
23650 1
105740 1
89367 1
89366 1
89441 1
24250 1
24255 1
89828 1
57211 1
8442 1
90385 1
90723 1
74388 1
41682 1
74784 1
25948 1
92076 1
59426 1
76009 1
27323 1
60355 1
27756 1
28212 1
94075 1
45241 1
94870 1
78527 1
95482 1
96078 1
96094 1
47811 1
96966 1
47963 1
31714 1
64611 1
48293 1
15861 1
81746 1
61128 1
33142 1
16949 1
609 1
49938 1
82842 1
66849 1
67061 1
100172 1
83981 1
18686 1
84479 1
19058 1
101171 1
84811 1
68722 1
36551 1
37199 1
4644 1
4720 1
37848 1
55230 1
39169 1
39415 1
88680 1
6761 1
23186 1
89292 1
89661 1
89670 1
89929 1
57190 1
24826 1
57733 1
57755 1
90743 1
74793 1
25648 1
75041 1
26290 1
42874 1
59578 1
26970 1
76410 1
76443 1
93734 1
28458 1
61525 1
94384 1
61708 1
94866 1
45794 1
29509 1
29645 1
79021 1
14140 1
30670 1
80184 1
97695 1
81413 1
97879 1
48975 1
81727 1
49437 1
49454 1
16951 1
50092 1
99821 1
99965 1
67880 1
35380 1
84666 1
52414 1
101617 1
85471 1
86891 1
103515 1
5294 1
38221 1
72287 1
105067 1
56430 1
106160 1
24691 1
90994 1
25823 1
58839 1
9979 1
59807 1
92803 1
43746 1
27747 1
27759 1
11933 1
94771 1
29332 1
13109 1
30170 1
80226 1
15127 1
15334 1
